87,99d86
< 100% Bran,N,C,70,4,1,130,10,5,6,280,25,3,1,0.33,68.402973
< All-Bran,K,C,70,4,1,260,9,7,5,320,25,3,1,0.33,59.425505
< 
< Shredded Wheat,N,C,80,2,0,0,3,16,0,95,0,1,0.83,1,68.235885
< 
< Bran Chex,R,C,90,2,1,200,4,15,6,125,25,1,1,0.67,49.120253
< Bran Flakes,P,C,90,3,0,210,5,13,5,190,25,3,1,0.67,53.313813
< Nutri-grain Wheat,K,C,90,3,0,170,3,18,2,90,25,3,1,1,59.642837
< Raisin Squares,K,C,90,2,0,0,2,15,6,110,25,3,1,0.5,55.333142
< Shredded Wheat 'n'Bran,N,C,90,3,0,0,4,19,0,140,0,1,1,0.67,74.472949
< Shredded Wheat spoon size,N,C,90,3,0,0,3,20,0,120,0,1,1,0.67,72.801787
< Strawberry Fruit Wheats,N,C,90,2,0,15,3,15,5,90,25,2,1,1,59.363993
< 
